31

1   a 		         	    20  10         28      29      0
2   b			              7  10         10      0
3   c  	          1  10         8       0
4   d	          15   6         24      0
5   e                   	12   6         25      0
6   f                 	  27   6         28      29      0
7   g            	18   6         28      29      0
8   h	    12   7         13      15      0
9   j      		           	3  10         0
10  k                		2  4         9       0
11  l        	1   4         9       0
12  o                     	30  12         9       0
13  p                     	18  12         12      0
14  w              	25  12         9       0
15  q               	20  12         14      0
16  a          	35  12         9       0
17  s          	45  12         9       0
18  c           	40   4         11      0
19  v           	25   4         11      0
20  t		           	12   4         11      0
21  h       	15   5         16      18      0
22  q        	16   5         17      19      0
23  b     	    	30   5         20      0
24  b                    	60   7         21      0
25  n                    	60   7         22      0
26  m                     		20   7         23      0
27  u          	25  10         24      25      0
28  t          	30  10         27      0
29  p     	  	37  10         27      0
30  q	     	       	20   7         28      29      0
31  a              	12   7         30      26      8       0
